Loaded dataset `psdb_train` for training
Set proposal method: gt
Preparing training data...
train=============================================
wrote gt roidb to E:\data\cache\psdb_train_gt_roidb.pkl
function gt_roidb()->len(gt_roidb)=11206
done
before filtering, there are 11206 images...
after filtering, there are 11206 images...
11206 roidb entries
Loaded dataset `psdb_train` for training
Set proposal method: gt
Preparing training data...
done
before filtering, there are 11206 images...
after filtering, there are 11206 images...
11206 roidb entries
Loaded dataset `psdb_train` for training
Set proposal method: gt
Preparing training data...
done
before filtering, there are 11206 images...
after filtering, there are 11206 images...
11206 roidb entries
[tensor([[[[143.0199, 143.0199, 143.0199,  ..., -67.9801, -67.9801, -66.9801],
          [143.0199, 143.0199, 143.0199,  ..., -67.9801, -66.9801, -65.9801],
          [143.0199, 143.0199, 143.0199,  ..., -65.9801, -64.9801, -64.9801],
          ...,
          [-10.9801,  -7.9801,  -5.9801,  ..., -59.9801, -44.9801, -49.9801],
          [-15.9801, -10.9801,  -6.9801,  ..., -59.9801, -44.9801, -48.9801],
          [-26.9801, -19.9801, -15.9801,  ..., -59.9801, -44.9801, -48.9801]],

         [[120.0535, 120.0535, 120.0535,  ..., -72.9465, -72.9465, -71.9465],
          [120.0535, 120.0535, 120.0535,  ..., -72.9465, -71.9465, -70.9465],
          [120.0535, 120.0535, 120.0535,  ..., -70.9465, -69.9465, -69.9465],
          ...,
          [ -5.9465,  -2.9465,  -0.9465,  ..., -64.9465, -49.9465, -54.9465],
          [-10.9465,  -5.9465,  -1.9465,  ..., -64.9465, -49.9465, -53.9465],
          [-21.9465, -14.9465, -10.9465,  ..., -64.9465, -49.9465, -53.9465]],

         [[103.2283, 103.2283, 103.2283,  ..., -80.7717, -80.7717, -79.7717],
          [103.2283, 103.2283, 103.2283,  ..., -80.7717, -79.7717, -78.7717],
          [103.2283, 103.2283, 103.2283,  ..., -78.7717, -77.7717, -77.7717],
          ...,
          [ -5.7717,  -2.7717,  -0.7717,  ..., -72.7717, -56.7717, -61.7717],
          [-10.7717,  -5.7717,  -1.7717,  ..., -72.7717, -56.7717, -60.7717],
          [-21.7717, -14.7717, -10.7717,  ..., -72.7717, -56.7717, -60.7717]]]]), tensor([[800., 600.,   1.]]), tensor([[[253., 109., 309., 269.,   1.],
         [201., 107., 243., 247.,   1.],
         [  0.,   0.,   0.,   0.,   0.],
         [  0.,   0.,   0.,   0.,   0.],
         [  0.,   0.,   0.,   0.,   0.],
         [  0.,   0.,   0.,   0.,   0.],
         [  0.,   0.,   0.,   0.,   0.],
         [  0.,   0.,   0.,   0.,   0.],
         [  0.,   0.,   0.,   0.,   0.],
         [  0.,   0.,   0.,   0.,   0.],
         [  0.,   0.,   0.,   0.,   0.],
         [  0.,   0.,   0.,   0.,   0.],
         [  0.,   0.,   0.,   0.,   0.],
         [  0.,   0.,   0.,   0.,   0.],
         [  0.,   0.,   0.,   0.,   0.],
         [  0.,   0.,   0.,   0.,   0.],
         [  0.,   0.,   0.,   0.,   0.],
         [  0.,   0.,   0.,   0.,   0.],
         [  0.,   0.,   0.,   0.,   0.],
         [  0.,   0.,   0.,   0.,   0.]]]), tensor([2])]
========================
[tensor([[[[ -93.9801,  -94.6051,  -96.1051,  ..., -102.9801, -102.9801,
           -102.9801],
          [ -95.8551,  -95.3082,  -95.6364,  ..., -102.9801, -102.9801,
           -102.9801],
          [ -98.8551,  -96.9020,  -95.6832,  ..., -102.2301, -102.4645,
           -102.6051],
          ...,
          [ -28.1051,  -27.8707,  -27.7301,  ...,  -99.2301,  -99.2301,
            -99.2301],
          [ -29.9801,  -29.9801,  -29.9801,  ...,  -99.9801,  -99.9801,
            -99.9801],
          [ -29.9801,  -29.9801,  -29.9801,  ...,  -99.9801,  -99.9801,
            -99.9801]],

         [[-110.9465, -111.5715, -112.3215,  ..., -113.6965, -113.3215,
           -112.9465],
          [-112.8215, -112.2746, -111.8528,  ..., -112.5246, -112.4621,
           -112.3215],
          [-114.6965, -112.9778, -111.5715,  ..., -111.4465, -111.8059,
           -111.9465],
          ...,
          [ -47.0715,  -46.8371,  -46.6965,  ..., -114.5715, -114.5715,
           -114.5715],
          [ -48.9465,  -48.9465,  -48.9465,  ..., -114.9465, -114.9465,
           -114.9465],
          [ -48.9465,  -48.9465,  -48.9465,  ..., -114.9465, -114.9465,
           -114.9465]],

         [[-112.7717, -113.3967, -113.7717,  ..., -111.7717, -111.1467,
           -110.7717],
          [-114.6467, -114.0998, -113.3029,  ..., -110.5998, -110.2873,
           -110.1467],
          [-116.5217, -114.5686, -112.3654,  ..., -109.9436, -110.0061,
           -110.1467],
          ...,
          [   3.1033,    3.3377,    3.4783,  ..., -120.6467, -120.6467,
           -120.6467],
          [   1.2283,    1.2283,    1.2283,  ..., -121.7717, -121.7717,
           -121.7717],
          [   1.2283,    1.2283,    1.2283,  ..., -121.7717, -121.7717,
           -121.7717]]]]), tensor([[ 600.0000, 1067.0000,    1.3333]]), tensor([[[368.0000,  33.3333, 402.6667, 126.6667,   1.0000],
         [285.3333,  24.0000, 317.3333, 110.6667,   1.0000],
         [181.3333,  24.0000, 197.3333,  70.6667,   1.0000],
         [196.0000,  28.0000, 213.3333,  74.6667,   1.0000],
         [  0.0000,   0.0000,   0.0000,   0.0000,   0.0000],
         [  0.0000,   0.0000,   0.0000,   0.0000,   0.0000],
         [  0.0000,   0.0000,   0.0000,   0.0000,   0.0000],
         [  0.0000,   0.0000,   0.0000,   0.0000,   0.0000],
         [  0.0000,   0.0000,   0.0000,   0.0000,   0.0000],
         [  0.0000,   0.0000,   0.0000,   0.0000,   0.0000],
         [  0.0000,   0.0000,   0.0000,   0.0000,   0.0000],
         [  0.0000,   0.0000,   0.0000,   0.0000,   0.0000],
         [  0.0000,   0.0000,   0.0000,   0.0000,   0.0000],
         [  0.0000,   0.0000,   0.0000,   0.0000,   0.0000],
         [  0.0000,   0.0000,   0.0000,   0.0000,   0.0000],
         [  0.0000,   0.0000,   0.0000,   0.0000,   0.0000],
         [  0.0000,   0.0000,   0.0000,   0.0000,   0.0000],
         [  0.0000,   0.0000,   0.0000,   0.0000,   0.0000],
         [  0.0000,   0.0000,   0.0000,   0.0000,   0.0000],
         [  0.0000,   0.0000,   0.0000,   0.0000,   0.0000]]]), tensor([4])]
========================
Loaded dataset `psdb_train` for training
Set proposal method: gt
Preparing training data...
done
before filtering, there are 11206 images...
after filtering, there are 11206 images...
11206 roidb entries
im_data======================== tensor([[[[ -67.9801,  -63.6051,  -57.9801,  ...,  -25.6051,  -41.1051,
            -48.9801],
          [ -67.3551,  -62.9801,  -57.3551,  ...,  -19.1988,  -32.2770,
            -38.9801],
          [ -66.9801,  -62.8395,  -57.4957,  ...,  -12.9645,  -22.4801,
            -27.3551],
          ...,
          [ -56.2301,  -56.2301,  -56.2301,  ..., -102.9801, -102.9801,
           -102.9801],
          [ -56.9801,  -56.9801,  -56.9801,  ..., -102.9801, -102.9801,
           -102.9801],
          [ -56.9801,  -56.9801,  -56.9801,  ..., -102.9801, -102.9801,
           -102.9801]],

         [[ -60.9465,  -56.5715,  -50.9465,  ...,  -51.5715,  -67.0715,
            -74.9465],
          [ -60.3215,  -55.9465,  -50.3215,  ...,  -45.1652,  -58.2434,
            -64.9465],
          [ -59.9465,  -55.8059,  -50.4621,  ...,  -38.2746,  -47.6965,
            -52.5715],
          ...,
          [  -7.1965,   -7.1965,   -7.1965,  ..., -104.6965, -104.6965,
           -104.6965],
          [  -7.9465,   -7.9465,   -7.9465,  ..., -103.9465, -103.9465,
           -103.9465],
          [  -7.9465,   -7.9465,   -7.9465,  ..., -103.9465, -103.9465,
           -103.9465]],

         [[ -50.7717,  -46.3967,  -40.7717,  ...,  -50.3967,  -65.8967,
            -73.7717],
          [ -50.1467,  -45.7717,  -40.1467,  ...,  -43.9905,  -57.0686,
            -63.7717],
          [ -49.7717,  -45.6311,  -40.2873,  ...,  -36.4436,  -45.7717,
            -50.6467],
          ...,
          [  21.9783,   21.9783,   21.9783,  ..., -101.5217, -101.5217,
           -101.5217],
          [  21.2283,   21.2283,   21.2283,  ..., -100.7717, -100.7717,
           -100.7717],
          [  21.2283,   21.2283,   21.2283,  ..., -100.7717, -100.7717,
           -100.7717]]]])
im_info======================== tensor([[ 600.0000, 1067.0000,    1.3333]])
gt_boxes======================== tensor([[[316.0000, 373.3333, 369.3333, 514.6667,   1.0000],
         [250.6667, 428.0000, 312.0000, 593.3333,   1.0000],
         [  0.0000,   0.0000,   0.0000,   0.0000,   0.0000],
         [  0.0000,   0.0000,   0.0000,   0.0000,   0.0000],
         [  0.0000,   0.0000,   0.0000,   0.0000,   0.0000],
         [  0.0000,   0.0000,   0.0000,   0.0000,   0.0000],
         [  0.0000,   0.0000,   0.0000,   0.0000,   0.0000],
         [  0.0000,   0.0000,   0.0000,   0.0000,   0.0000],
         [  0.0000,   0.0000,   0.0000,   0.0000,   0.0000],
         [  0.0000,   0.0000,   0.0000,   0.0000,   0.0000],
         [  0.0000,   0.0000,   0.0000,   0.0000,   0.0000],
         [  0.0000,   0.0000,   0.0000,   0.0000,   0.0000],
         [  0.0000,   0.0000,   0.0000,   0.0000,   0.0000],
         [  0.0000,   0.0000,   0.0000,   0.0000,   0.0000],
         [  0.0000,   0.0000,   0.0000,   0.0000,   0.0000],
         [  0.0000,   0.0000,   0.0000,   0.0000,   0.0000],
         [  0.0000,   0.0000,   0.0000,   0.0000,   0.0000],
         [  0.0000,   0.0000,   0.0000,   0.0000,   0.0000],
         [  0.0000,   0.0000,   0.0000,   0.0000,   0.0000],
         [  0.0000,   0.0000,   0.0000,   0.0000,   0.0000]]])
num_boxes======================== tensor([2])
im_data======================== tensor([[[[16.0199, 17.0049, 17.9949,  ..., 39.0699, 41.0199, 41.0199],
          [17.0049, 17.9899, 18.0195,  ..., 39.0453, 40.0349, 40.0349],
          [18.9699, 18.9945, 18.9949,  ..., 38.9962, 38.0699, 38.0699],
          ...,
          [49.0199, 49.0199, 49.0199,  ..., 44.9965, 44.0849, 44.0849],
          [49.9449, 49.9449, 49.9449,  ..., 44.9718, 43.0949, 43.0949],
          [ 0.0000,  0.0000,  0.0000,  ...,  0.0000,  0.0000,  0.0000]],

         [[28.0535, 29.0385, 30.0285,  ..., 42.1035, 44.0535, 44.0535],
          [29.0385, 30.0235, 30.0531,  ..., 42.0789, 43.0685, 43.0685],
          [31.0035, 31.0281, 31.0285,  ..., 42.0298, 41.1035, 41.1035],
          ...,
          [60.0535, 60.0535, 60.0535,  ..., 56.0301, 55.1185, 55.1185],
          [60.9785, 60.9785, 60.9785,  ..., 56.0054, 54.1285, 54.1285],
          [ 0.0000,  0.0000,  0.0000,  ...,  0.0000,  0.0000,  0.0000]],

         [[61.2283, 62.2133, 63.2033,  ..., 64.2783, 66.2283, 66.2283],
          [62.2133, 63.1983, 63.2279,  ..., 64.2537, 65.2433, 65.2433],
          [64.1783, 64.2029, 64.2033,  ..., 64.2046, 63.2783, 63.2783],
          ...,
          [81.2283, 81.2283, 81.2283,  ..., 77.2549, 78.2933, 78.2933],
          [82.1533, 82.1533, 82.1533,  ..., 77.2302, 77.3033, 77.3033],
          [ 0.0000,  0.0000,  0.0000,  ...,  0.0000,  0.0000,  0.0000]]]])
im_info======================== tensor([[809.0000, 600.0000,   1.0101]])
gt_boxes======================== tensor([[[327.2727, 276.7677, 396.9697, 462.6263,   1.0000],
         [  0.0000,   0.0000,   0.0000,   0.0000,   0.0000],
         [  0.0000,   0.0000,   0.0000,   0.0000,   0.0000],
         [  0.0000,   0.0000,   0.0000,   0.0000,   0.0000],
         [  0.0000,   0.0000,   0.0000,   0.0000,   0.0000],
         [  0.0000,   0.0000,   0.0000,   0.0000,   0.0000],
         [  0.0000,   0.0000,   0.0000,   0.0000,   0.0000],
         [  0.0000,   0.0000,   0.0000,   0.0000,   0.0000],
         [  0.0000,   0.0000,   0.0000,   0.0000,   0.0000],
         [  0.0000,   0.0000,   0.0000,   0.0000,   0.0000],
         [  0.0000,   0.0000,   0.0000,   0.0000,   0.0000],
         [  0.0000,   0.0000,   0.0000,   0.0000,   0.0000],
         [  0.0000,   0.0000,   0.0000,   0.0000,   0.0000],
         [  0.0000,   0.0000,   0.0000,   0.0000,   0.0000],
         [  0.0000,   0.0000,   0.0000,   0.0000,   0.0000],
         [  0.0000,   0.0000,   0.0000,   0.0000,   0.0000],
         [  0.0000,   0.0000,   0.0000,   0.0000,   0.0000],
         [  0.0000,   0.0000,   0.0000,   0.0000,   0.0000],
         [  0.0000,   0.0000,   0.0000,   0.0000,   0.0000],
         [  0.0000,   0.0000,   0.0000,   0.0000,   0.0000]]])
num_boxes======================== tensor([1])
Loaded dataset `psdb_train` for training
Set proposal method: gt
Preparing training data...
done
before filtering, there are 11206 images...
after filtering, there are 11206 images...
11206 roidb entries
im_data======================== tensor([[[[-102.9801, -102.9801, -102.9801,  ..., -102.9801, -102.9801,
           -102.9801],
          [-102.9801, -102.9801, -102.9801,  ..., -102.9801, -102.9801,
           -102.9801],
          [-102.9801, -102.9801, -102.9801,  ..., -102.9801, -102.9801,
           -102.9801],
          ...,
          [-102.9801, -102.9801, -102.9801,  ..., -102.9801, -102.9801,
           -102.9801],
          [-102.9801, -102.9801, -102.9801,  ..., -102.9801, -102.9801,
           -102.9801],
          [-102.9801, -102.9801, -102.9801,  ..., -102.9801, -102.9801,
           -102.9801]],

         [[-115.9465, -115.9465, -115.9465,  ..., -115.9465, -115.9465,
           -115.9465],
          [-115.9465, -115.9465, -115.9465,  ..., -115.9465, -115.9465,
           -115.9465],
          [-115.9465, -115.9465, -115.9465,  ..., -115.9465, -115.9465,
           -115.9465],
          ...,
          [-115.9465, -115.9465, -115.9465,  ..., -115.9465, -115.9465,
           -115.9465],
          [-115.9465, -115.9465, -115.9465,  ..., -115.9465, -115.9465,
           -115.9465],
          [-115.9465, -115.9465, -115.9465,  ..., -115.9465, -115.9465,
           -115.9465]],

         [[-122.7717, -122.7717, -122.7717,  ..., -122.7717, -122.7717,
           -122.7717],
          [-122.7717, -122.7717, -122.7717,  ..., -122.7717, -122.7717,
           -122.7717],
          [-122.7717, -122.7717, -122.7717,  ..., -122.7717, -122.7717,
           -122.7717],
          ...,
          [-122.7717, -122.7717, -122.7717,  ..., -122.7717, -122.7717,
           -122.7717],
          [-122.7717, -122.7717, -122.7717,  ..., -122.7717, -122.7717,
           -122.7717],
          [-122.7717, -122.7717, -122.7717,  ..., -122.7717, -122.7717,
           -122.7717]]]])
im_info======================== tensor([[ 600.0000, 1067.0000,    1.3333]])
gt_boxes======================== tensor([[[2.1200e+02, 2.3333e+02, 3.6800e+02, 6.5200e+02, 1.0000e+00],
         [3.3333e+02, 1.3467e+02, 6.4800e+02, 1.0640e+03, 1.0000e+00],
         [0.0000e+00, 0.0000e+00, 0.0000e+00, 0.0000e+00, 0.0000e+00],
         [0.0000e+00, 0.0000e+00, 0.0000e+00, 0.0000e+00, 0.0000e+00],
         [0.0000e+00, 0.0000e+00, 0.0000e+00, 0.0000e+00, 0.0000e+00],
         [0.0000e+00, 0.0000e+00, 0.0000e+00, 0.0000e+00, 0.0000e+00],
         [0.0000e+00, 0.0000e+00, 0.0000e+00, 0.0000e+00, 0.0000e+00],
         [0.0000e+00, 0.0000e+00, 0.0000e+00, 0.0000e+00, 0.0000e+00],
         [0.0000e+00, 0.0000e+00, 0.0000e+00, 0.0000e+00, 0.0000e+00],
         [0.0000e+00, 0.0000e+00, 0.0000e+00, 0.0000e+00, 0.0000e+00],
         [0.0000e+00, 0.0000e+00, 0.0000e+00, 0.0000e+00, 0.0000e+00],
         [0.0000e+00, 0.0000e+00, 0.0000e+00, 0.0000e+00, 0.0000e+00],
         [0.0000e+00, 0.0000e+00, 0.0000e+00, 0.0000e+00, 0.0000e+00],
         [0.0000e+00, 0.0000e+00, 0.0000e+00, 0.0000e+00, 0.0000e+00],
         [0.0000e+00, 0.0000e+00, 0.0000e+00, 0.0000e+00, 0.0000e+00],
         [0.0000e+00, 0.0000e+00, 0.0000e+00, 0.0000e+00, 0.0000e+00],
         [0.0000e+00, 0.0000e+00, 0.0000e+00, 0.0000e+00, 0.0000e+00],
         [0.0000e+00, 0.0000e+00, 0.0000e+00, 0.0000e+00, 0.0000e+00],
         [0.0000e+00, 0.0000e+00, 0.0000e+00, 0.0000e+00, 0.0000e+00],
         [0.0000e+00, 0.0000e+00, 0.0000e+00, 0.0000e+00, 0.0000e+00]]])
num_boxes======================== tensor([2])
im_data======================== tensor([[[[ -3.9801,  -3.9801,  -4.6968,  ..., -92.9801, -93.8101,   0.0000],
          [ 11.7899,  11.7899,  12.2629,  ..., -92.0560, -95.7357,   0.0000],
          [ 22.9032,  22.3084,  22.9032,  ..., -93.1377, -98.7531,   0.0000],
          ...,
          [-88.9801, -88.1501, -85.8301,  ..., -82.9801, -82.9801,   0.0000],
          [-89.1501, -88.3201, -85.8783,  ..., -82.8101, -82.8101,   0.0000],
          [-89.9801, -89.1501, -86.1134,  ..., -81.9801, -81.9801,   0.0000]],

         [[-36.9465, -36.9465, -35.5132,  ..., -84.9465, -85.7765,   0.0000],
          [-20.3465, -20.3465, -19.5080,  ..., -84.0224, -87.7021,   0.0000],
          [-10.4965,  -9.3068,  -8.3465,  ..., -84.4280, -90.0028,   0.0000],
          ...,
          [-91.9465, -91.9465, -93.3798,  ..., -92.9465, -92.9465,   0.0000],
          [-92.1165, -92.1165, -93.4280,  ..., -92.7765, -92.7765,   0.0000],
          [-92.9465, -92.9465, -93.6632,  ..., -91.9465, -91.9465,   0.0000]],

         [[-38.7717, -38.7717, -38.7717,  ..., -90.7717, -91.6017,   0.0000],
          [-23.8317, -23.8317, -23.2369,  ..., -89.8476, -93.5273,   0.0000],
          [-15.0384, -14.4435, -13.6050,  ..., -92.4032, -97.9780,   0.0000],
          ...,
          [-14.7717, -18.0917, -21.6384,  ..., -94.7717, -94.7717,   0.0000],
          [-14.9417, -18.2617, -21.6865,  ..., -94.6017, -94.6017,   0.0000],
          [-15.7717, -19.0917, -21.9217,  ..., -93.7717, -93.7717,   0.0000]]]])
im_info======================== tensor([[600.0000, 903.0000,   1.1278]])
gt_boxes======================== tensor([[[ 13.5338, 288.7218,  30.4511, 342.8571,   1.0000],
         [636.0902, 104.8872, 668.7970, 204.1353,   1.0000],
         [162.4060, 351.8797, 181.5789, 411.6541,   1.0000],
         [130.8271, 311.2782, 152.2556, 363.1579,   1.0000],
         [237.9699, 377.8195, 262.7820, 443.2331,   1.0000],
         [140.9774, 357.5188, 163.5338, 415.0376,   1.0000],
         [501.8797, 103.7594, 519.9248, 170.3008,   1.0000],
         [588.7218, 108.2707, 624.8120, 199.6241,   1.0000],
         [248.1203, 429.6992, 267.2932, 481.5789,   1.0000],
         [295.4887,  81.2030, 487.2180, 710.5263,   1.0000],
         [588.7218, 112.7820, 636.0902, 256.0150,   1.0000],
         [554.8872, 107.1429, 580.8271, 177.0677,   1.0000],
         [177.0677,   7.8947, 387.9699, 624.8120,   1.0000],
         [155.6391, 313.5338, 174.8120, 363.1579,   1.0000],
         [452.2556, 108.2707, 471.4286, 170.3008,   1.0000],
         [121.8045, 301.1278, 138.7218, 354.1353,   1.0000],
         [  1.1278, 310.1504,  18.0451, 365.4135,   1.0000],
         [  0.0000,   0.0000,   0.0000,   0.0000,   0.0000],
         [  0.0000,   0.0000,   0.0000,   0.0000,   0.0000],
         [  0.0000,   0.0000,   0.0000,   0.0000,   0.0000]]])
num_boxes======================== tensor([17])
im_data======================== tensor([[[[ 28.0199,  28.0199,  28.0199,  ...,  19.0199,  21.0199,  24.0199],
          [ 25.0199,  25.0199,  25.0199,  ...,  23.0199,  25.0199,  30.0199],
          [ 22.0199,  22.0199,  22.0199,  ...,  27.0199,  24.0199,  23.0199],
          ...,
          [-26.9801, -26.9801, -27.9801,  ..., -35.9801, -32.9801, -29.9801],
          [-25.9801, -25.9801, -26.9801,  ..., -36.9801, -32.9801, -29.9801],
          [-23.9801, -24.9801, -25.9801,  ..., -33.9801, -30.9801, -28.9801]],

         [[ 26.0535,  26.0535,  27.0535,  ...,  11.0535,  13.0535,  16.0535],
          [ 23.0535,  23.0535,  24.0535,  ...,  16.0535,  17.0535,  23.0535],
          [ 20.0535,  20.0535,  21.0535,  ...,  20.0535,  14.0535,  14.0535],
          ...,
          [-15.9465, -15.9465, -16.9465,  ..., -27.9465, -24.9465, -21.9465],
          [-14.9465, -14.9465, -15.9465,  ..., -28.9465, -24.9465, -21.9465],
          [-12.9465, -13.9465, -14.9465,  ..., -25.9465, -22.9465, -20.9465]],

         [[ 23.2283,  23.2283,  22.2283,  ...,  13.2283,  15.2283,  18.2283],
          [ 20.2283,  20.2283,  19.2283,  ...,  16.2283,  19.2283,  23.2283],
          [ 17.2283,  17.2283,  16.2283,  ...,  18.2283,  15.2283,  12.2283],
          ...,
          [-16.7717, -16.7717, -17.7717,  ..., -26.7717, -23.7717, -20.7717],
          [-15.7717, -15.7717, -16.7717,  ..., -27.7717, -23.7717, -20.7717],
          [-13.7717, -14.7717, -15.7717,  ..., -24.7717, -21.7717, -19.7717]]]])
im_info======================== tensor([[800., 600.,   1.]])
gt_boxes======================== tensor([[[229., 242., 321., 488.,   1.],
         [627., 229., 668., 352.,   1.],
         [  0.,   0.,   0.,   0.,   0.],
         [  0.,   0.,   0.,   0.,   0.],
         [  0.,   0.,   0.,   0.,   0.],
         [  0.,   0.,   0.,   0.,   0.],
         [  0.,   0.,   0.,   0.,   0.],
         [  0.,   0.,   0.,   0.,   0.],
         [  0.,   0.,   0.,   0.,   0.],
         [  0.,   0.,   0.,   0.,   0.],
         [  0.,   0.,   0.,   0.,   0.],
         [  0.,   0.,   0.,   0.,   0.],
         [  0.,   0.,   0.,   0.,   0.],
         [  0.,   0.,   0.,   0.,   0.],
         [  0.,   0.,   0.,   0.,   0.],
         [  0.,   0.,   0.,   0.,   0.],
         [  0.,   0.,   0.,   0.,   0.],
         [  0.,   0.,   0.,   0.,   0.],
         [  0.,   0.,   0.,   0.,   0.],
         [  0.,   0.,   0.,   0.,   0.]]])
num_boxes======================== tensor([2])
im_data======================== tensor([[[[  31.0199,   31.0199,   31.0199,  ...,   41.0199,   41.0199,
             41.0199],
          [  31.0199,   31.0199,   31.0199,  ...,   41.0199,   41.0199,
             41.0199],
          [  31.0199,   31.0199,   31.0199,  ...,   41.0199,   41.0199,
             41.0199],
          ...,
          [ -63.9801,  -62.9801,  -63.9801,  ...,  -88.9801,  -88.9801,
            -88.9801],
          [ -67.9801,  -66.9801,  -66.9801,  ...,  -88.9801,  -88.9801,
            -88.9801],
          [ -63.9801,  -62.9801,  -62.9801,  ...,  -88.9801,  -88.9801,
            -88.9801]],

         [[  37.0535,   37.0535,   37.0535,  ...,   45.0535,   45.0535,
             45.0535],
          [  37.0535,   37.0535,   37.0535,  ...,   45.0535,   45.0535,
             45.0535],
          [  37.0535,   37.0535,   37.0535,  ...,   45.0535,   45.0535,
             45.0535],
          ...,
          [ -52.9465,  -50.9465,  -52.9465,  ..., -103.9465, -103.9465,
           -103.9465],
          [ -53.9465,  -52.9465,  -54.9465,  ..., -103.9465, -103.9465,
           -103.9465],
          [ -49.9465,  -48.9465,  -49.9465,  ..., -103.9465, -103.9465,
           -103.9465]],

         [[  38.2283,   38.2283,   38.2283,  ...,   47.2283,   47.2283,
             47.2283],
          [  38.2283,   38.2283,   38.2283,  ...,   47.2283,   47.2283,
             47.2283],
          [  38.2283,   38.2283,   38.2283,  ...,   47.2283,   47.2283,
             47.2283],
          ...,
          [ -37.7717,  -37.7717,  -39.7717,  ..., -110.7717, -110.7717,
           -110.7717],
          [ -40.7717,  -39.7717,  -41.7717,  ..., -110.7717, -110.7717,
           -110.7717],
          [ -36.7717,  -35.7717,  -39.7717,  ..., -110.7717, -110.7717,
           -110.7717]]]])
im_info======================== tensor([[800., 600.,   1.]])
gt_boxes======================== tensor([[[ 17., 349.,  50., 466.,   1.],
         [355., 354., 391., 490.,   1.],
         [284., 350., 309., 429.,   1.],
         [276., 353., 288., 406.,   1.],
         [ 85., 317., 164., 579.,   1.],
         [165., 346., 225., 506.,   1.],
         [  1., 337.,  97., 768.,   1.],
         [ 63., 343., 107., 483.,   1.],
         [380., 359., 422., 492.,   1.],
         [157., 342., 198., 469.,   1.],
         [284., 348., 381., 653.,   1.],
         [  0.,   0.,   0.,   0.,   0.],
         [  0.,   0.,   0.,   0.,   0.],
         [  0.,   0.,   0.,   0.,   0.],
         [  0.,   0.,   0.,   0.,   0.],
         [  0.,   0.,   0.,   0.,   0.],
         [  0.,   0.,   0.,   0.,   0.],
         [  0.,   0.,   0.,   0.,   0.],
         [  0.,   0.,   0.,   0.,   0.],
         [  0.,   0.,   0.,   0.,   0.]]])
num_boxes======================== tensor([11])
im_data======================== tensor([[[[-102.9801, -102.9801, -102.9801,  ..., -102.9801, -102.9801,
           -102.9801],
          [-102.9801, -102.9801, -102.9801,  ..., -102.9801, -102.9801,
           -102.9801],
          [-102.9801, -102.9801, -102.9801,  ..., -102.9801, -102.9801,
           -102.9801],
          ...,
          [-102.9801, -102.9801, -102.9801,  ..., -102.9801, -102.9801,
           -102.9801],
          [-102.9801, -102.9801, -102.9801,  ..., -102.9801, -102.9801,
           -102.9801],
          [-102.9801, -102.9801, -102.9801,  ..., -102.9801, -102.9801,
           -102.9801]],

         [[-115.9465, -115.9465, -115.9465,  ..., -115.9465, -115.9465,
           -115.9465],
          [-115.9465, -115.9465, -115.9465,  ..., -115.9465, -115.9465,
           -115.9465],
          [-115.9465, -115.9465, -115.9465,  ..., -115.9465, -115.9465,
           -115.9465],
          ...,
          [-115.9465, -115.9465, -115.9465,  ..., -115.9465, -115.9465,
           -115.9465],
          [-115.9465, -115.9465, -115.9465,  ..., -115.9465, -115.9465,
           -115.9465],
          [-115.9465, -115.9465, -115.9465,  ..., -115.9465, -115.9465,
           -115.9465]],

         [[-122.7717, -122.7717, -122.7717,  ..., -122.7717, -122.7717,
           -122.7717],
          [-122.7717, -122.7717, -122.7717,  ..., -122.7717, -122.7717,
           -122.7717],
          [-122.7717, -122.7717, -122.7717,  ..., -122.7717, -122.7717,
           -122.7717],
          ...,
          [-122.7717, -122.7717, -122.7717,  ..., -122.7717, -122.7717,
           -122.7717],
          [-122.7717, -122.7717, -122.7717,  ..., -122.7717, -122.7717,
           -122.7717],
          [-122.7717, -122.7717, -122.7717,  ..., -122.7717, -122.7717,
           -122.7717]]]])
im_info======================== tensor([[ 600.0000, 1067.0000,    1.3333]])
gt_boxes======================== tensor([[[422.6667,  73.3333, 630.6667, 630.6667,   1.0000],
         [796.0000, 169.3333, 862.6667, 349.3333,   1.0000],
         [  0.0000,   0.0000,   0.0000,   0.0000,   0.0000],
         [  0.0000,   0.0000,   0.0000,   0.0000,   0.0000],
         [  0.0000,   0.0000,   0.0000,   0.0000,   0.0000],
         [  0.0000,   0.0000,   0.0000,   0.0000,   0.0000],
         [  0.0000,   0.0000,   0.0000,   0.0000,   0.0000],
         [  0.0000,   0.0000,   0.0000,   0.0000,   0.0000],
         [  0.0000,   0.0000,   0.0000,   0.0000,   0.0000],
         [  0.0000,   0.0000,   0.0000,   0.0000,   0.0000],
         [  0.0000,   0.0000,   0.0000,   0.0000,   0.0000],
         [  0.0000,   0.0000,   0.0000,   0.0000,   0.0000],
         [  0.0000,   0.0000,   0.0000,   0.0000,   0.0000],
         [  0.0000,   0.0000,   0.0000,   0.0000,   0.0000],
         [  0.0000,   0.0000,   0.0000,   0.0000,   0.0000],
         [  0.0000,   0.0000,   0.0000,   0.0000,   0.0000],
         [  0.0000,   0.0000,   0.0000,   0.0000,   0.0000],
         [  0.0000,   0.0000,   0.0000,   0.0000,   0.0000],
         [  0.0000,   0.0000,   0.0000,   0.0000,   0.0000],
         [  0.0000,   0.0000,   0.0000,   0.0000,   0.0000]]])
num_boxes======================== tensor([2])
im_data======================== tensor([[[[-37.9801, -36.9801, -35.9801,  ...,  -2.9801,   1.0199, -18.9801],
          [-36.9801, -36.9801, -35.9801,  ...,  -1.9801,   1.0199, -16.9801],
          [-35.9801, -35.9801, -34.9801,  ...,  -5.9801,  -5.9801, -20.9801],
          ...,
          [-48.9801, -48.9801, -51.9801,  ..., -86.9801, -85.9801, -85.9801],
          [-45.9801, -43.9801, -41.9801,  ..., -85.9801, -85.9801, -84.9801],
          [-42.9801, -47.9801, -47.9801,  ..., -85.9801, -84.9801, -84.9801]],

         [[-32.9465, -31.9465, -30.9465,  ...,   3.0535,   7.0535, -12.9465],
          [-31.9465, -31.9465, -30.9465,  ...,   4.0535,   7.0535, -10.9465],
          [-30.9465, -30.9465, -29.9465,  ...,  -0.9465,  -0.9465, -15.9465],
          ...,
          [-38.9465, -38.9465, -41.9465,  ..., -93.9465, -92.9465, -92.9465],
          [-35.9465, -33.9465, -31.9465,  ..., -92.9465, -92.9465, -91.9465],
          [-32.9465, -37.9465, -37.9465,  ..., -92.9465, -91.9465, -91.9465]],

         [[-32.7717, -31.7717, -30.7717,  ...,   3.2283,   7.2283, -12.7717],
          [-31.7717, -31.7717, -30.7717,  ...,   4.2283,   7.2283, -10.7717],
          [-30.7717, -30.7717, -29.7717,  ...,  -0.7717,  -0.7717, -15.7717],
          ...,
          [-30.7717, -30.7717, -33.7717,  ..., -95.7717, -94.7717, -94.7717],
          [-27.7717, -25.7717, -23.7717,  ..., -94.7717, -94.7717, -93.7717],
          [-24.7717, -29.7717, -29.7717,  ..., -94.7717, -93.7717, -93.7717]]]])
im_info======================== tensor([[800., 600.,   1.]])
gt_boxes======================== tensor([[[596., 188., 652., 338.,   1.],
         [390., 150., 436., 265.,   1.],
         [163., 243., 216., 376.,   1.],
         [  0.,   0.,   0.,   0.,   0.],
         [  0.,   0.,   0.,   0.,   0.],
         [  0.,   0.,   0.,   0.,   0.],
         [  0.,   0.,   0.,   0.,   0.],
         [  0.,   0.,   0.,   0.,   0.],
         [  0.,   0.,   0.,   0.,   0.],
         [  0.,   0.,   0.,   0.,   0.],
         [  0.,   0.,   0.,   0.,   0.],
         [  0.,   0.,   0.,   0.,   0.],
         [  0.,   0.,   0.,   0.,   0.],
         [  0.,   0.,   0.,   0.,   0.],
         [  0.,   0.,   0.,   0.,   0.],
         [  0.,   0.,   0.,   0.,   0.],
         [  0.,   0.,   0.,   0.,   0.],
         [  0.,   0.,   0.,   0.,   0.],
         [  0.,   0.,   0.,   0.,   0.],
         [  0.,   0.,   0.,   0.,   0.]]])
num_boxes======================== tensor([3])
im_data======================== tensor([[[[ 5.0199e+00, -1.2980e+01, -3.2980e+01,  ..., -6.9980e+01,
           -3.8980e+01, -5.9801e+00],
          [ 1.4020e+01, -5.9801e+00, -2.2980e+01,  ..., -4.6980e+01,
           -2.0980e+01, -4.9980e+01],
          [-1.9801e+00, -1.0980e+01, -1.2980e+01,  ..., -1.9980e+01,
           -1.2980e+01, -3.4980e+01],
          ...,
          [-1.9980e+01, -6.9801e+00,  6.0199e+00,  ...,  7.1020e+01,
            7.1020e+01,  6.7020e+01],
          [-4.9801e+00, -9.8010e-01,  1.0199e+00,  ...,  7.5020e+01,
            7.1020e+01,  6.4020e+01],
          [ 5.1020e+01,  5.0020e+01,  3.9020e+01,  ...,  7.1020e+01,
            6.3020e+01,  5.3020e+01]],

         [[ 4.0054e+01,  2.0053e+01, -2.9465e+00,  ..., -4.1946e+01,
           -9.9465e+00,  2.3053e+01],
          [ 4.7054e+01,  2.7053e+01,  5.0535e+00,  ...,  5.3500e-02,
            2.8053e+01,  1.0535e+00],
          [ 2.8053e+01,  1.7053e+01,  1.3054e+01,  ...,  6.5053e+01,
            7.6053e+01,  5.5054e+01],
          ...,
          [-3.5946e+01, -2.2947e+01, -8.9465e+00,  ...,  7.1053e+01,
            7.1053e+01,  6.7053e+01],
          [-2.0947e+01, -1.6947e+01, -1.3946e+01,  ...,  7.5053e+01,
            7.1053e+01,  6.4053e+01],
          [ 3.5054e+01,  3.4054e+01,  2.4053e+01,  ...,  7.1053e+01,
            6.3054e+01,  5.3054e+01]],

         [[ 4.2283e+00, -1.5772e+01, -3.6772e+01,  ..., -6.9772e+01,
           -3.4772e+01, -1.7717e+00],
          [ 1.1228e+01, -8.7717e+00, -2.8772e+01,  ..., -3.0772e+01,
           -7.7170e-01, -2.7772e+01],
          [-5.7717e+00, -1.6772e+01, -1.9772e+01,  ...,  2.8228e+01,
            4.1228e+01,  2.0228e+01],
          ...,
          [-5.0772e+01, -3.7772e+01, -2.3772e+01,  ...,  7.2228e+01,
            7.2228e+01,  6.8228e+01],
          [-3.5772e+01, -3.1772e+01, -2.8772e+01,  ...,  7.6228e+01,
            7.2228e+01,  6.5228e+01],
          [ 2.0228e+01,  1.9228e+01,  9.2283e+00,  ...,  7.2228e+01,
            6.4228e+01,  5.4228e+01]]]])
im_info======================== tensor([[600., 800.,   1.]])
gt_boxes======================== tensor([[[331., 136., 393., 384.,   1.],
         [ 95., 219., 227., 444.,   1.],
         [247., 103., 350., 379.,   1.],
         [356., 141., 450., 392.,   1.],
         [464., 138., 578., 406.,   1.],
         [589., 145., 683., 388.,   1.],
         [638., 179., 742., 442.,   1.],
         [  0.,   0.,   0.,   0.,   0.],
         [  0.,   0.,   0.,   0.,   0.],
         [  0.,   0.,   0.,   0.,   0.],
         [  0.,   0.,   0.,   0.,   0.],
         [  0.,   0.,   0.,   0.,   0.],
         [  0.,   0.,   0.,   0.,   0.],
         [  0.,   0.,   0.,   0.,   0.],
         [  0.,   0.,   0.,   0.,   0.],
         [  0.,   0.,   0.,   0.,   0.],
         [  0.,   0.,   0.,   0.,   0.],
         [  0.,   0.,   0.,   0.,   0.],
         [  0.,   0.,   0.,   0.,   0.],
         [  0.,   0.,   0.,   0.,   0.]]])
num_boxes======================== tensor([7])
im_data======================== tensor([[[[-102.9801, -102.9801, -102.9801,  ..., -102.9801, -102.9801,
           -102.9801],
          [-102.9801, -102.9801, -102.9801,  ..., -102.9801, -102.9801,
           -102.9801],
          [-102.9801, -102.9801, -102.9801,  ..., -102.9801, -102.9801,
           -102.9801],
          ...,
          [-102.9801, -102.9801, -102.9801,  ..., -100.9801, -100.9801,
           -100.9801],
          [-102.9801, -102.9801, -102.9801,  ..., -100.9801, -100.9801,
           -100.9801],
          [-102.9801, -102.9801, -102.9801,  ..., -100.9801, -100.9801,
           -100.9801]],

         [[-115.9465, -115.9465, -115.9465,  ..., -115.9465, -115.9465,
           -115.9465],
          [-115.9465, -115.9465, -115.9465,  ..., -115.9465, -115.9465,
           -115.9465],
          [-115.9465, -115.9465, -115.9465,  ..., -115.9465, -115.9465,
           -115.9465],
          ...,
          [-115.9465, -115.9465, -115.9465,  ..., -115.9465, -115.9465,
           -115.9465],
          [-115.9465, -115.9465, -115.9465,  ..., -115.9465, -115.9465,
           -115.9465],
          [-115.9465, -115.9465, -115.9465,  ..., -115.9465, -115.9465,
           -115.9465]],

         [[-122.7717, -122.7717, -122.7717,  ..., -122.7717, -122.7717,
           -122.7717],
          [-122.7717, -122.7717, -122.7717,  ..., -122.7717, -122.7717,
           -122.7717],
          [-122.7717, -122.7717, -122.7717,  ..., -122.7717, -122.7717,
           -122.7717],
          ...,
          [-122.7717, -122.7717, -122.7717,  ..., -122.7717, -122.7717,
           -122.7717],
          [-122.7717, -122.7717, -122.7717,  ..., -122.7717, -122.7717,
           -122.7717],
          [-122.7717, -122.7717, -122.7717,  ..., -122.7717, -122.7717,
           -122.7717]]]])
im_info======================== tensor([[ 600.0000, 1067.0000,    1.3333]])
gt_boxes======================== tensor([[[702.6667,  89.3333, 753.3333, 257.3333,   1.0000],
         [378.6667, 362.6667, 486.6667, 650.6667,   1.0000],
         [300.0000,   1.3333, 352.0000, 145.3333,   1.0000],
         [468.0000,   1.3333, 512.0000, 160.0000,   1.0000],
         [406.6667,   2.6667, 448.0000, 150.6667,   1.0000],
         [685.3333, 114.6667, 741.3333, 284.0000,   1.0000],
         [ 96.0000,   1.3333, 144.0000, 133.3333,   1.0000],
         [326.6667, 449.3333, 386.6667, 609.3333,   1.0000],
         [613.3333,   1.3333, 658.6667, 140.0000,   1.0000],
         [140.0000,   1.3333, 184.0000, 128.0000,   1.0000],
         [210.6667,   1.3333, 257.3333, 129.3333,   1.0000],
         [512.0000, 352.0000, 604.0000, 597.3333,   1.0000],
         [185.3333,   2.6667, 228.0000, 146.6667,   1.0000],
         [574.6667,  84.0000, 629.3333, 262.6667,   1.0000],
         [  0.0000,   0.0000,   0.0000,   0.0000,   0.0000],
         [  0.0000,   0.0000,   0.0000,   0.0000,   0.0000],
         [  0.0000,   0.0000,   0.0000,   0.0000,   0.0000],
         [  0.0000,   0.0000,   0.0000,   0.0000,   0.0000],
         [  0.0000,   0.0000,   0.0000,   0.0000,   0.0000],
         [  0.0000,   0.0000,   0.0000,   0.0000,   0.0000]]])
num_boxes======================== tensor([14])
im_data======================== tensor([[[[-28.9801, -28.9801, -28.9801,  ..., -33.9801, -32.9801, -32.9801],
          [-28.9801, -28.9801, -28.9801,  ..., -32.9801, -32.9801, -32.9801],
          [-30.9801, -30.9801, -30.9801,  ..., -32.9801, -32.9801, -31.9801],
          ...,
          [-27.9801, -27.9801, -27.9801,  ..., -12.9801, -12.9801, -12.9801],
          [-29.9801, -29.9801, -29.9801,  ..., -12.9801, -12.9801, -12.9801],
          [-29.9801, -29.9801, -29.9801,  ..., -12.9801, -12.9801, -12.9801]],

         [[  2.0535,   2.0535,   2.0535,  ..., -25.9465, -24.9465, -24.9465],
          [  2.0535,   2.0535,   2.0535,  ..., -24.9465, -24.9465, -24.9465],
          [  2.0535,   2.0535,   2.0535,  ..., -24.9465, -24.9465, -23.9465],
          ...,
          [-27.9465, -27.9465, -27.9465,  ...,  28.0535,  28.0535,  28.0535],
          [-27.9465, -27.9465, -27.9465,  ...,  28.0535,  28.0535,  28.0535],
          [-27.9465, -27.9465, -27.9465,  ...,  28.0535,  28.0535,  28.0535]],

         [[ 24.2283,  24.2283,  24.2283,  ..., -30.7717, -29.7717, -29.7717],
          [ 24.2283,  24.2283,  24.2283,  ..., -29.7717, -29.7717, -29.7717],
          [ 26.2283,  26.2283,  26.2283,  ..., -29.7717, -29.7717, -28.7717],
          ...,
          [-18.7717, -18.7717, -18.7717,  ...,  54.2283,  54.2283,  54.2283],
          [-18.7717, -18.7717, -18.7717,  ...,  54.2283,  54.2283,  54.2283],
          [-18.7717, -18.7717, -18.7717,  ...,  54.2283,  54.2283,  54.2283]]]])
im_info======================== tensor([[800., 600.,   1.]])
gt_boxes======================== tensor([[[269., 115., 304., 268.,   1.],
         [336., 184., 391., 322.,   1.],
         [703., 110., 749., 261.,   1.],
         [347., 119., 388., 246.,   1.],
         [  0.,   0.,   0.,   0.,   0.],
         [  0.,   0.,   0.,   0.,   0.],
         [  0.,   0.,   0.,   0.,   0.],
         [  0.,   0.,   0.,   0.,   0.],
         [  0.,   0.,   0.,   0.,   0.],
         [  0.,   0.,   0.,   0.,   0.],
         [  0.,   0.,   0.,   0.,   0.],
         [  0.,   0.,   0.,   0.,   0.],
         [  0.,   0.,   0.,   0.,   0.],
         [  0.,   0.,   0.,   0.,   0.],
         [  0.,   0.,   0.,   0.,   0.],
         [  0.,   0.,   0.,   0.,   0.],
         [  0.,   0.,   0.,   0.,   0.],
         [  0.,   0.,   0.,   0.,   0.],
         [  0.,   0.,   0.,   0.,   0.],
         [  0.,   0.,   0.,   0.,   0.]]])
num_boxes======================== tensor([4])
im_data======================== tensor([[[[ -95.9801,  -30.9801,   15.8949,  ...,   74.1449,   37.1449,
             15.0199],
          [ -86.6051,  -18.8707,   26.8324,  ...,   70.5511,   39.8793,
             21.2699],
          [ -76.8551,   -3.7301,   42.6762,  ...,   61.5511,   37.5824,
             22.7699],
          ...,
          [-100.9801,  -80.3551,  -67.2301,  ...,  -20.6051,  -29.7301,
            -34.9801],
          [-100.9801,  -80.3551,  -67.2301,  ...,  -20.6051,  -29.7301,
            -34.9801],
          [-100.9801,  -80.3551,  -67.2301,  ...,  -20.6051,  -29.7301,
            -34.9801]],

         [[ -81.9465,  -15.0715,   32.9285,  ...,   70.3035,   30.9285,
              8.0535],
          [ -72.5715,   -4.1340,   42.6941,  ...,   68.3504,   35.1472,
             15.5535],
          [ -63.5715,   10.0222,   57.8347,  ...,   61.0847,   34.7254,
             18.9285],
          ...,
          [-109.9465,  -89.3215,  -76.1965,  ...,  -22.5715,  -31.6965,
            -36.9465],
          [-109.9465,  -89.3215,  -76.1965,  ...,  -22.5715,  -31.6965,
            -36.9465],
          [-109.9465,  -89.3215,  -76.1965,  ...,  -22.5715,  -31.6965,
            -36.9465]],

         [[ -92.7717,  -26.5217,   21.1033,  ...,   62.2283,   23.1033,
              0.2283],
          [ -83.3967,  -15.1936,   31.2595,  ...,   59.7283,   27.0877,
              7.7283],
          [ -74.3967,   -0.8029,   46.6345,  ...,   52.1345,   26.2908,
             10.7283],
          ...,
          [-115.7717,  -95.1467,  -82.0217,  ...,  -32.2717,  -41.5217,
            -46.7717],
          [-115.7717,  -95.1467,  -82.0217,  ...,  -32.2717,  -41.5217,
            -46.7717],
          [-115.7717,  -95.1467,  -82.0217,  ...,  -32.2717,  -41.5217,
            -46.7717]]]])
im_info======================== tensor([[ 600.0000, 1067.0000,    1.3333]])
gt_boxes======================== tensor([[[246.6667, 278.6667, 321.3333, 485.3333,   1.0000],
         [186.6667, 309.3333, 269.3333, 565.3333,   1.0000],
         [284.0000, 256.0000, 384.0000, 552.0000,   1.0000],
         [  0.0000,   0.0000,   0.0000,   0.0000,   0.0000],
         [  0.0000,   0.0000,   0.0000,   0.0000,   0.0000],
         [  0.0000,   0.0000,   0.0000,   0.0000,   0.0000],
         [  0.0000,   0.0000,   0.0000,   0.0000,   0.0000],
         [  0.0000,   0.0000,   0.0000,   0.0000,   0.0000],
         [  0.0000,   0.0000,   0.0000,   0.0000,   0.0000],
         [  0.0000,   0.0000,   0.0000,   0.0000,   0.0000],
         [  0.0000,   0.0000,   0.0000,   0.0000,   0.0000],
         [  0.0000,   0.0000,   0.0000,   0.0000,   0.0000],
         [  0.0000,   0.0000,   0.0000,   0.0000,   0.0000],
         [  0.0000,   0.0000,   0.0000,   0.0000,   0.0000],
         [  0.0000,   0.0000,   0.0000,   0.0000,   0.0000],
         [  0.0000,   0.0000,   0.0000,   0.0000,   0.0000],
         [  0.0000,   0.0000,   0.0000,   0.0000,   0.0000],
         [  0.0000,   0.0000,   0.0000,   0.0000,   0.0000],
         [  0.0000,   0.0000,   0.0000,   0.0000,   0.0000],
         [  0.0000,   0.0000,   0.0000,   0.0000,   0.0000]]])
num_boxes======================== tensor([3])
Loaded dataset `psdb_train` for training
Set proposal method: gt
Preparing training data...
done
before filtering, there are 11206 images...
after filtering, there are 11206 images...
11206 roidb entries
im_data======================== tensor([[[[-7.9801e+00, -4.9801e+00, -9.8010e-01,  ..., -9.8010e-01,
           -1.3980e+01,  1.3020e+01],
          [ 1.9900e-02, -9.8010e-01, -2.9801e+00,  ..., -7.9801e+00,
           -9.9801e+00,  3.0199e+00],
          [-6.9801e+00, -8.9801e+00, -1.1980e+01,  ..., -5.9801e+00,
            1.9900e-02, -1.2980e+01],
          ...,
          [ 4.8020e+01,  4.8020e+01,  4.0020e+01,  ...,  5.0020e+01,
            5.4020e+01,  5.7020e+01],
          [ 5.2020e+01,  5.2020e+01,  5.1020e+01,  ...,  5.5020e+01,
            5.5020e+01,  5.3020e+01],
          [ 5.5020e+01,  5.8020e+01,  6.3020e+01,  ...,  5.9020e+01,
            5.4020e+01,  4.8020e+01]],

         [[-2.4947e+01, -2.1947e+01, -1.9947e+01,  ..., -2.4947e+01,
           -4.1946e+01, -1.5946e+01],
          [-1.7947e+01, -1.8947e+01, -2.1947e+01,  ..., -3.1947e+01,
           -3.6946e+01, -2.5947e+01],
          [-2.5947e+01, -2.7947e+01, -3.0947e+01,  ..., -2.9947e+01,
           -2.6947e+01, -4.0946e+01],
          ...,
          [ 3.6054e+01,  3.6054e+01,  2.8053e+01,  ...,  3.6054e+01,
            4.0054e+01,  4.3054e+01],
          [ 4.0054e+01,  4.0054e+01,  3.9054e+01,  ...,  4.1054e+01,
            4.1054e+01,  3.9054e+01],
          [ 4.3054e+01,  4.6054e+01,  5.1054e+01,  ...,  4.5054e+01,
            4.0054e+01,  3.4054e+01]],

         [[-5.9772e+01, -5.6772e+01, -4.9772e+01,  ...,  8.2283e+00,
            2.2283e+00,  3.1228e+01],
          [-4.9772e+01, -5.0772e+01, -5.1772e+01,  ...,  1.2283e+00,
            4.2283e+00,  2.0228e+01],
          [-5.5772e+01, -5.7772e+01, -6.0772e+01,  ...,  3.2283e+00,
            1.4228e+01,  3.2283e+00],
          ...,
          [ 2.5228e+01,  2.5228e+01,  1.7228e+01,  ...,  2.5228e+01,
            2.9228e+01,  3.2228e+01],
          [ 2.9228e+01,  2.9228e+01,  2.8228e+01,  ...,  3.0228e+01,
            3.0228e+01,  2.8228e+01],
          [ 3.2228e+01,  3.5228e+01,  4.0228e+01,  ...,  3.4228e+01,
            2.9228e+01,  2.3228e+01]]],


        [[[ 9.1020e+01,  8.7020e+01,  7.9020e+01,  ...,  9.7020e+01,
            9.1020e+01,  8.0020e+01],
          [ 8.8020e+01,  8.9020e+01,  8.8020e+01,  ...,  9.1020e+01,
            8.3020e+01,  7.2020e+01],
          [ 9.6020e+01,  9.8020e+01,  1.0202e+02,  ...,  9.4020e+01,
            8.9020e+01,  8.0020e+01],
          ...,
          [ 2.0199e+00, -4.0980e+01, -2.6980e+01,  ..., -1.9801e+00,
            5.0199e+00,  2.7020e+01],
          [-9.9801e+00, -5.0980e+01, -3.4980e+01,  ..., -9.9801e+00,
            1.9900e-02,  2.3020e+01],
          [-3.8980e+01, -4.9980e+01, -2.9980e+01,  ..., -3.3980e+01,
           -2.7980e+01, -6.9801e+00]],

         [[ 1.0305e+02,  9.9053e+01,  8.7053e+01,  ...,  7.2053e+01,
            6.6053e+01,  5.5054e+01],
          [ 9.8053e+01,  1.0005e+02,  9.6053e+01,  ...,  6.6053e+01,
            5.8054e+01,  4.7054e+01],
          [ 1.0305e+02,  1.0605e+02,  1.0705e+02,  ...,  6.9053e+01,
            6.4053e+01,  5.5054e+01],
          ...,
          [ 1.3054e+01, -2.9947e+01, -1.8947e+01,  ...,  3.0535e+00,
            1.0054e+01,  3.2054e+01],
          [ 1.0535e+00, -3.9946e+01, -2.6947e+01,  ..., -1.9465e+00,
            7.0535e+00,  3.0053e+01],
          [-2.7947e+01, -3.8946e+01, -2.1947e+01,  ..., -2.5947e+01,
           -1.9947e+01,  1.0535e+00]],

         [[ 9.8228e+01,  9.4228e+01,  8.1228e+01,  ...,  4.7228e+01,
            4.1228e+01,  3.0228e+01],
          [ 9.3228e+01,  9.3228e+01,  9.0228e+01,  ...,  4.1228e+01,
            3.3228e+01,  2.2228e+01],
          [ 9.7228e+01,  9.7228e+01,  9.9228e+01,  ...,  4.4228e+01,
            3.9228e+01,  3.0228e+01],
          ...,
          [ 6.2283e+00, -3.6772e+01, -2.4772e+01,  ...,  2.5228e+01,
            3.4228e+01,  5.6228e+01],
          [-5.7717e+00, -4.6772e+01, -3.2772e+01,  ...,  1.3228e+01,
            2.5228e+01,  4.8228e+01],
          [-3.4772e+01, -4.5772e+01, -2.7772e+01,  ..., -1.1772e+01,
           -4.7717e+00,  1.6228e+01]]]])
im_info======================== tensor([[800., 600.,   1.],
        [800., 600.,   1.]])
gt_boxes======================== tensor([[[  1., 241.,  35., 362.,   1.],
         [355., 158., 376., 224.,   1.],
         [421., 208., 442., 264.,   1.],
         [402., 208., 427., 276.,   1.],
         [561.,  55., 699., 446.,   1.],
         [ 62., 203., 149., 437.,   1.],
         [451.,  85., 576., 446.,   1.],
         [686.,  45., 797., 447.,   1.],
         [  0.,   0.,   0.,   0.,   0.],
         [  0.,   0.,   0.,   0.,   0.],
         [  0.,   0.,   0.,   0.,   0.],
         [  0.,   0.,   0.,   0.,   0.],
         [  0.,   0.,   0.,   0.,   0.],
         [  0.,   0.,   0.,   0.,   0.],
         [  0.,   0.,   0.,   0.,   0.],
         [  0.,   0.,   0.,   0.,   0.],
         [  0.,   0.,   0.,   0.,   0.],
         [  0.,   0.,   0.,   0.,   0.],
         [  0.,   0.,   0.,   0.,   0.],
         [  0.,   0.,   0.,   0.,   0.]],

        [[266., 148., 356., 390.,   1.],
         [  0.,   0.,   0.,   0.,   0.],
         [  0.,   0.,   0.,   0.,   0.],
         [  0.,   0.,   0.,   0.,   0.],
         [  0.,   0.,   0.,   0.,   0.],
         [  0.,   0.,   0.,   0.,   0.],
         [  0.,   0.,   0.,   0.,   0.],
         [  0.,   0.,   0.,   0.,   0.],
         [  0.,   0.,   0.,   0.,   0.],
         [  0.,   0.,   0.,   0.,   0.],
         [  0.,   0.,   0.,   0.,   0.],
         [  0.,   0.,   0.,   0.,   0.],
         [  0.,   0.,   0.,   0.,   0.],
         [  0.,   0.,   0.,   0.,   0.],
         [  0.,   0.,   0.,   0.,   0.],
         [  0.,   0.,   0.,   0.,   0.],
         [  0.,   0.,   0.,   0.,   0.],
         [  0.,   0.,   0.,   0.,   0.],
         [  0.,   0.,   0.,   0.,   0.],
         [  0.,   0.,   0.,   0.,   0.]]])
num_boxes======================== tensor([8, 1])
im_data======================== tensor([[[[ 2.4020e+01,  1.9645e+01,  1.5895e+01,  ...,  1.3727e+02,
            1.3802e+02,  1.3802e+02],
          [ 2.5270e+01,  2.1286e+01,  1.7536e+01,  ...,  1.3727e+02,
            1.3755e+02,  1.3677e+02],
          [ 2.7520e+01,  2.3536e+01,  1.9645e+01,  ...,  1.3680e+02,
            1.3652e+02,  1.3527e+02],
          ...,
          [ 4.4395e+01,  4.2598e+01,  3.7864e+01,  ...,  3.6442e+01,
            3.4426e+01,  3.6770e+01],
          [ 1.6895e+01,  1.8145e+01,  1.7254e+01,  ...,  3.2926e+01,
            3.4426e+01,  3.9895e+01],
          [ 1.9901e-02,  3.1449e+00,  4.6449e+00,  ...,  3.0395e+01,
            3.4145e+01,  4.1020e+01]],

         [[ 7.0053e+01,  6.5678e+01,  6.1554e+01,  ...,  1.0968e+02,
            1.0968e+02,  1.0905e+02],
          [ 7.1303e+01,  6.7319e+01,  6.3194e+01,  ...,  1.0968e+02,
            1.0991e+02,  1.0968e+02],
          [ 7.3553e+01,  6.9569e+01,  6.5444e+01,  ...,  1.0991e+02,
            1.1029e+02,  1.1005e+02],
          ...,
          [ 3.4304e+01,  3.3132e+01,  2.8397e+01,  ...,  2.6850e+01,
            2.4460e+01,  2.6803e+01],
          [ 7.5535e+00,  9.0379e+00,  8.1473e+00,  ...,  2.3335e+01,
            2.4460e+01,  2.9928e+01],
          [-8.9465e+00, -5.8215e+00, -4.3215e+00,  ...,  2.0803e+01,
            2.4178e+01,  3.1053e+01]],

         [[ 1.2523e+02,  1.2085e+02,  1.1785e+02,  ...,  9.2728e+01,
            9.4603e+01,  9.5228e+01],
          [ 1.2648e+02,  1.2249e+02,  1.1949e+02,  ...,  9.2728e+01,
            9.4603e+01,  9.5228e+01],
          [ 1.2873e+02,  1.2474e+02,  1.2132e+02,  ...,  9.2728e+01,
            9.4603e+01,  9.5228e+01],
          ...,
          [ 4.8853e+01,  4.6353e+01,  4.1619e+01,  ...,  2.5025e+01,
            2.2635e+01,  2.4978e+01],
          [ 2.0478e+01,  2.1494e+01,  2.0603e+01,  ...,  2.1510e+01,
            2.2635e+01,  2.8103e+01],
          [ 3.2283e+00,  6.3533e+00,  7.8533e+00,  ...,  1.8978e+01,
            2.2353e+01,  2.9228e+01]]],


        [[[ 6.5020e+01,  1.6895e+01, -3.6355e+01,  ...,  1.4077e+02,
            1.4002e+02,  1.4002e+02],
          [ 8.6895e+01,  3.0176e+01, -3.1511e+01,  ...,  1.4780e+02,
            1.4752e+02,  1.4752e+02],
          [ 8.5020e+01,  2.5254e+01, -3.7980e+01,  ...,  1.5202e+02,
            1.5202e+02,  1.5202e+02],
          ...,
          [-7.4980e+01, -7.4980e+01, -7.4980e+01,  ..., -7.1074e+01,
           -7.2105e+01, -7.2105e+01],
          [-7.4980e+01, -7.4980e+01, -7.4980e+01,  ..., -7.0621e+01,
           -7.1980e+01, -7.1980e+01],
          [-7.4980e+01, -7.4980e+01, -7.4980e+01,  ..., -7.0480e+01,
           -7.1980e+01, -7.1980e+01]],

         [[ 5.8054e+01,  9.9285e+00, -4.3697e+01,  ...,  1.2480e+02,
            1.2443e+02,  1.2505e+02],
          [ 7.9928e+01,  2.3210e+01, -3.8853e+01,  ...,  1.3262e+02,
            1.3318e+02,  1.3380e+02],
          [ 7.7678e+01,  1.7913e+01, -4.5556e+01,  ...,  1.3796e+02,
            1.3866e+02,  1.3905e+02],
          ...,
          [-6.5947e+01, -6.5947e+01, -6.5947e+01,  ..., -7.3040e+01,
           -7.4072e+01, -7.4072e+01],
          [-6.5947e+01, -6.5947e+01, -6.5947e+01,  ..., -7.2587e+01,
           -7.3947e+01, -7.3947e+01],
          [-6.5947e+01, -6.5947e+01, -6.5947e+01,  ..., -7.2447e+01,
           -7.3947e+01, -7.3947e+01]],

         [[ 4.6228e+01, -1.8967e+00, -5.4397e+01,  ...,  1.0623e+02,
            1.0210e+02,  1.0023e+02],
          [ 6.8103e+01,  1.1385e+01, -4.9553e+01,  ...,  1.1365e+02,
            1.1046e+02,  1.0898e+02],
          [ 6.6978e+01,  7.2127e+00, -5.5553e+01,  ...,  1.1881e+02,
            1.1646e+02,  1.1498e+02],
          ...,
          [-3.0772e+01, -3.0772e+01, -3.0772e+01,  ..., -5.1865e+01,
           -5.2897e+01, -5.2897e+01],
          [-3.0772e+01, -3.0772e+01, -3.0772e+01,  ..., -5.1412e+01,
           -5.2772e+01, -5.2772e+01],
          [-3.0772e+01, -3.0772e+01, -3.0772e+01,  ..., -5.1272e+01,
           -5.2772e+01, -5.2772e+01]]]])
im_info======================== tensor([[1067.0000,  600.0000,    1.3333],
        [1067.0000,  600.0000,    1.3333]])
gt_boxes======================== tensor([[[670.6667, 186.6667, 700.0000, 274.6667,   1.0000],
         [674.6667, 193.3333, 716.0000, 329.3333,   1.0000],
         [600.0000, 180.0000, 674.6667, 492.0000,   1.0000],
         [562.6667, 189.3333, 622.6667, 413.3333,   1.0000],
         [498.6667, 186.6667, 569.3333, 374.6667,   1.0000],
         [450.6667, 196.0000, 516.0000, 370.6667,   1.0000],
         [  0.0000,   0.0000,   0.0000,   0.0000,   0.0000],
         [  0.0000,   0.0000,   0.0000,   0.0000,   0.0000],
         [  0.0000,   0.0000,   0.0000,   0.0000,   0.0000],
         [  0.0000,   0.0000,   0.0000,   0.0000,   0.0000],
         [  0.0000,   0.0000,   0.0000,   0.0000,   0.0000],
         [  0.0000,   0.0000,   0.0000,   0.0000,   0.0000],
         [  0.0000,   0.0000,   0.0000,   0.0000,   0.0000],
         [  0.0000,   0.0000,   0.0000,   0.0000,   0.0000],
         [  0.0000,   0.0000,   0.0000,   0.0000,   0.0000],
         [  0.0000,   0.0000,   0.0000,   0.0000,   0.0000],
         [  0.0000,   0.0000,   0.0000,   0.0000,   0.0000],
         [  0.0000,   0.0000,   0.0000,   0.0000,   0.0000],
         [  0.0000,   0.0000,   0.0000,   0.0000,   0.0000],
         [  0.0000,   0.0000,   0.0000,   0.0000,   0.0000]],

        [[345.3333, 228.0000, 614.6667, 946.6667,   1.0000],
         [165.3333,  61.3333, 342.6667, 705.3333,   1.0000],
         [  0.0000,   0.0000,   0.0000,   0.0000,   0.0000],
         [  0.0000,   0.0000,   0.0000,   0.0000,   0.0000],
         [  0.0000,   0.0000,   0.0000,   0.0000,   0.0000],
         [  0.0000,   0.0000,   0.0000,   0.0000,   0.0000],
         [  0.0000,   0.0000,   0.0000,   0.0000,   0.0000],
         [  0.0000,   0.0000,   0.0000,   0.0000,   0.0000],
         [  0.0000,   0.0000,   0.0000,   0.0000,   0.0000],
         [  0.0000,   0.0000,   0.0000,   0.0000,   0.0000],
         [  0.0000,   0.0000,   0.0000,   0.0000,   0.0000],
         [  0.0000,   0.0000,   0.0000,   0.0000,   0.0000],
         [  0.0000,   0.0000,   0.0000,   0.0000,   0.0000],
         [  0.0000,   0.0000,   0.0000,   0.0000,   0.0000],
         [  0.0000,   0.0000,   0.0000,   0.0000,   0.0000],
         [  0.0000,   0.0000,   0.0000,   0.0000,   0.0000],
         [  0.0000,   0.0000,   0.0000,   0.0000,   0.0000],
         [  0.0000,   0.0000,   0.0000,   0.0000,   0.0000],
         [  0.0000,   0.0000,   0.0000,   0.0000,   0.0000],
         [  0.0000,   0.0000,   0.0000,   0.0000,   0.0000]]])
num_boxes======================== tensor([6, 2])
im_data======================== tensor([[[[ -62.9801,  -62.9801,  -63.3551,  ...,  -64.8551,  -66.2301,
            -66.9801],
          [ -63.6051,  -63.6051,  -63.7457,  ...,  -65.6364,  -65.2926,
            -65.1051],
          [ -64.3551,  -64.3551,  -64.3551,  ...,  -65.7770,  -64.3551,
            -63.6051],
          ...,
          [ -48.2301,  -48.2301,  -48.3707,  ...,  -57.2613,  -58.2301,
            -58.9801],
          [ -48.9801,  -48.9801,  -48.9801,  ...,  -58.0113,  -58.5113,
            -58.9801],
          [ -48.9801,  -48.9801,  -48.9801,  ...,  -59.1051,  -58.9801,
            -58.9801]],

         [[ -72.9465,  -72.9465,  -73.3215,  ...,  -73.8215,  -75.1965,
            -75.9465],
          [ -73.5715,  -73.5715,  -73.7121,  ...,  -74.6028,  -74.2590,
            -74.0715],
          [ -74.3215,  -74.3215,  -74.3215,  ...,  -75.4934,  -74.0715,
            -73.3215],
          ...,
          [ -38.9465,  -38.9465,  -39.0871,  ...,  -51.1027,  -51.0715,
            -51.0715],
          [ -38.9465,  -38.9465,  -38.9465,  ...,  -50.0715,  -49.9465,
            -49.9465],
          [ -38.9465,  -38.9465,  -38.9465,  ...,  -50.0715,  -49.9465,
            -49.9465]],

         [[ -81.7717,  -81.7717,  -82.1467,  ...,  -61.6467,  -63.0217,
            -63.7717],
          [ -82.3967,  -82.3967,  -82.5373,  ...,  -62.4280,  -62.0842,
            -61.8967],
          [ -83.1467,  -83.1467,  -83.1467,  ...,  -63.6936,  -62.2717,
            -61.5217],
          ...,
          [ -19.3967,  -19.3967,  -19.5373,  ...,  -32.1780,  -32.1467,
            -32.1467],
          [ -19.7717,  -19.7717,  -19.7717,  ...,  -31.8967,  -31.7717,
            -31.7717],
          [ -19.7717,  -19.7717,  -19.7717,  ...,  -31.8967,  -31.7717,
            -31.7717]]],


        [[[-102.9801, -102.9801, -102.9801,  ..., -102.9801, -102.9801,
           -102.9801],
          [-102.9801, -102.9801, -102.9801,  ..., -102.9801, -102.9801,
           -102.9801],
          [-102.9801, -102.9801, -102.9801,  ..., -102.9801, -102.9801,
           -102.9801],
          ...,
          [-102.9801, -102.9801, -102.9801,  ..., -102.9801, -102.9801,
           -102.9801],
          [-102.9801, -102.9801, -102.9801,  ..., -102.9801, -102.9801,
           -102.9801],
          [-102.9801, -102.9801, -102.9801,  ..., -102.9801, -102.9801,
           -102.9801]],

         [[-115.9465, -115.9465, -115.9465,  ..., -115.9465, -115.9465,
           -115.9465],
          [-115.9465, -115.9465, -115.9465,  ..., -115.9465, -115.9465,
           -115.9465],
          [-115.9465, -115.9465, -115.9465,  ..., -115.9465, -115.9465,
           -115.9465],
          ...,
          [-115.9465, -115.9465, -115.9465,  ..., -115.9465, -115.9465,
           -115.9465],
          [-115.9465, -115.9465, -115.9465,  ..., -115.9465, -115.9465,
           -115.9465],
          [-115.9465, -115.9465, -115.9465,  ..., -115.9465, -115.9465,
           -115.9465]],

         [[-122.7717, -122.7717, -122.7717,  ..., -122.7717, -122.7717,
           -122.7717],
          [-122.7717, -122.7717, -122.7717,  ..., -122.7717, -122.7717,
           -122.7717],
          [-122.7717, -122.7717, -122.7717,  ..., -122.7717, -122.7717,
           -122.7717],
          ...,
          [-122.7717, -122.7717, -122.7717,  ..., -122.7717, -122.7717,
           -122.7717],
          [-122.7717, -122.7717, -122.7717,  ..., -122.7717, -122.7717,
           -122.7717],
          [-122.7717, -122.7717, -122.7717,  ..., -122.7717, -122.7717,
           -122.7717]]]])
im_info======================== tensor([[ 600.0000, 1067.0000,    1.3333],
        [ 600.0000, 1067.0000,    1.3333]])
gt_boxes======================== tensor([[[392.0000, 174.6667, 489.3333, 496.0000,   1.0000],
         [  0.0000,   0.0000,   0.0000,   0.0000,   0.0000],
         [  0.0000,   0.0000,   0.0000,   0.0000,   0.0000],
         [  0.0000,   0.0000,   0.0000,   0.0000,   0.0000],
         [  0.0000,   0.0000,   0.0000,   0.0000,   0.0000],
         [  0.0000,   0.0000,   0.0000,   0.0000,   0.0000],
         [  0.0000,   0.0000,   0.0000,   0.0000,   0.0000],
         [  0.0000,   0.0000,   0.0000,   0.0000,   0.0000],
         [  0.0000,   0.0000,   0.0000,   0.0000,   0.0000],
         [  0.0000,   0.0000,   0.0000,   0.0000,   0.0000],
         [  0.0000,   0.0000,   0.0000,   0.0000,   0.0000],
         [  0.0000,   0.0000,   0.0000,   0.0000,   0.0000],
         [  0.0000,   0.0000,   0.0000,   0.0000,   0.0000],
         [  0.0000,   0.0000,   0.0000,   0.0000,   0.0000],
         [  0.0000,   0.0000,   0.0000,   0.0000,   0.0000],
         [  0.0000,   0.0000,   0.0000,   0.0000,   0.0000],
         [  0.0000,   0.0000,   0.0000,   0.0000,   0.0000],
         [  0.0000,   0.0000,   0.0000,   0.0000,   0.0000],
         [  0.0000,   0.0000,   0.0000,   0.0000,   0.0000],
         [  0.0000,   0.0000,   0.0000,   0.0000,   0.0000]],

        [[240.0000, 384.0000, 293.3333, 512.0000,   1.0000],
         [  0.0000,   0.0000,   0.0000,   0.0000,   0.0000],
         [  0.0000,   0.0000,   0.0000,   0.0000,   0.0000],
         [  0.0000,   0.0000,   0.0000,   0.0000,   0.0000],
         [  0.0000,   0.0000,   0.0000,   0.0000,   0.0000],
         [  0.0000,   0.0000,   0.0000,   0.0000,   0.0000],
         [  0.0000,   0.0000,   0.0000,   0.0000,   0.0000],
         [  0.0000,   0.0000,   0.0000,   0.0000,   0.0000],
         [  0.0000,   0.0000,   0.0000,   0.0000,   0.0000],
         [  0.0000,   0.0000,   0.0000,   0.0000,   0.0000],
         [  0.0000,   0.0000,   0.0000,   0.0000,   0.0000],
         [  0.0000,   0.0000,   0.0000,   0.0000,   0.0000],
         [  0.0000,   0.0000,   0.0000,   0.0000,   0.0000],
         [  0.0000,   0.0000,   0.0000,   0.0000,   0.0000],
         [  0.0000,   0.0000,   0.0000,   0.0000,   0.0000],
         [  0.0000,   0.0000,   0.0000,   0.0000,   0.0000],
         [  0.0000,   0.0000,   0.0000,   0.0000,   0.0000],
         [  0.0000,   0.0000,   0.0000,   0.0000,   0.0000],
         [  0.0000,   0.0000,   0.0000,   0.0000,   0.0000],
         [  0.0000,   0.0000,   0.0000,   0.0000,   0.0000]]])
num_boxes======================== tensor([1, 1])
Loaded dataset `psdb_train` for training
Set proposal method: gt
Preparing training data...
done
before filtering, there are 11206 images...
after filtering, there are 11206 images...
11206 roidb entries
im_data======================== tensor([[[[-31.9801, -32.9801, -33.9801,  ..., -55.9801, -57.9801, -59.9801],
          [-36.9801, -36.9801, -36.9801,  ..., -55.9801, -57.9801, -58.9801],
          [-37.9801, -37.9801, -36.9801,  ..., -54.9801, -56.9801, -57.9801],
          ...,
          [-54.9801, -56.9801, -59.9801,  ..., -47.9801, -45.9801, -43.9801],
          [-56.9801, -58.9801, -60.9801,  ..., -57.9801, -55.9801, -53.9801],
          [-64.9801, -64.9801, -62.9801,  ..., -55.9801, -54.9801, -52.9801]],

         [[-32.9465, -33.9465, -34.9465,  ..., -59.9465, -61.9465, -63.9465],
          [-37.9465, -37.9465, -37.9465,  ..., -59.9465, -61.9465, -62.9465],
          [-38.9465, -38.9465, -37.9465,  ..., -58.9465, -60.9465, -61.9465],
          ...,
          [-53.9465, -55.9465, -58.9465,  ..., -46.9465, -44.9465, -42.9465],
          [-55.9465, -57.9465, -59.9465,  ..., -56.9465, -54.9465, -52.9465],
          [-63.9465, -63.9465, -61.9465,  ..., -54.9465, -53.9465, -51.9465]],

         [[-29.7717, -30.7717, -31.7717,  ..., -57.7717, -59.7717, -61.7717],
          [-34.7717, -34.7717, -34.7717,  ..., -57.7717, -59.7717, -60.7717],
          [-35.7717, -35.7717, -34.7717,  ..., -56.7717, -58.7717, -59.7717],
          ...,
          [-42.7717, -44.7717, -47.7717,  ..., -31.7717, -29.7717, -27.7717],
          [-44.7717, -46.7717, -48.7717,  ..., -41.7717, -39.7717, -37.7717],
          [-52.7717, -52.7717, -50.7717,  ..., -39.7717, -38.7717, -36.7717]]],


        [[[ 22.0199,  -3.9801,  -3.9801,  ..., -90.9801, -89.9801, -87.9801],
          [-16.9801, -68.9801, -84.9801,  ..., -89.9801, -88.9801, -86.9801],
          [-57.9801, -70.9801, -69.9801,  ..., -88.9801, -87.9801, -85.9801],
          ...,
          [-62.9801, -59.9801, -58.9801,  ...,  42.0199,  53.0199,  60.0199],
          [-62.9801, -49.9801, -45.9801,  ...,  15.0199,  19.0199,  23.0199],
          [-61.9801, -60.9801, -66.9801,  ..., -16.9801,  -0.9801,  -3.9801]],

         [[ 18.0535,  -7.9465,  -5.9465,  ..., -85.9465, -84.9465, -82.9465],
          [-20.9465, -70.9465, -86.9465,  ..., -84.9465, -83.9465, -81.9465],
          [-59.9465, -72.9465, -68.9465,  ..., -80.9465, -79.9465, -77.9465],
          ...,
          [-22.9465, -19.9465, -21.9465,  ...,  89.0535, 100.0535, 107.0535],
          [-24.9465, -11.9465,  -8.9465,  ...,  62.0535,  65.0535,  69.0535],
          [-23.9465, -22.9465, -29.9465,  ...,  30.0535,  45.0535,  42.0535]],

         [[  8.2283, -17.7717, -15.7717,  ..., -93.7717, -92.7717, -90.7717],
          [-30.7717, -80.7717, -96.7717,  ..., -92.7717, -91.7717, -89.7717],
          [-69.7717, -82.7717, -79.7717,  ..., -89.7717, -88.7717, -86.7717],
          ...,
          [-49.7717, -46.7717, -46.7717,  ..., 118.2283, 129.2283, 132.2283],
          [-51.7717, -38.7717, -33.7717,  ...,  91.2283,  97.2283, 101.2283],
          [-50.7717, -49.7717, -54.7717,  ...,  59.2283,  77.2283,  74.2283]]]])
im_info======================== tensor([[600., 800.,   1.],
        [600., 800.,   1.]])
gt_boxes======================== tensor([[[711., 164., 763., 338.,   1.],
         [464., 164., 528., 360.,   1.],
         [616., 181., 641., 270.,   1.],
         [168., 156., 243., 394.,   1.],
         [630., 182., 659., 281.,   1.],
         [350., 172., 433., 395.,   1.],
         [581., 176., 612., 282.,   1.],
         [408., 182., 494., 413.,   1.],
         [653., 183., 679., 270.,   1.],
         [293., 159., 355., 375.,   1.],
         [668., 170., 717., 335.,   1.],
         [761., 167., 797., 326.,   1.],
         [235., 146., 317., 418.,   1.],
         [  0.,   0.,   0.,   0.,   0.],
         [  0.,   0.,   0.,   0.,   0.],
         [  0.,   0.,   0.,   0.,   0.],
         [  0.,   0.,   0.,   0.,   0.],
         [  0.,   0.,   0.,   0.,   0.],
         [  0.,   0.,   0.,   0.,   0.],
         [  0.,   0.,   0.,   0.,   0.]],

        [[150., 178., 192., 253.,   1.],
         [ 63., 110., 103., 217.,   1.],
         [661.,  76., 705., 264.,   1.],
         [511.,  84., 576., 257.,   1.],
         [ 11., 115.,  41., 200.,   1.],
         [521.,  75., 625., 427.,   1.],
         [219.,  69., 299., 305.,   1.],
         [  0.,   0.,   0.,   0.,   0.],
         [  0.,   0.,   0.,   0.,   0.],
         [  0.,   0.,   0.,   0.,   0.],
         [  0.,   0.,   0.,   0.,   0.],
         [  0.,   0.,   0.,   0.,   0.],
         [  0.,   0.,   0.,   0.,   0.],
         [  0.,   0.,   0.,   0.,   0.],
         [  0.,   0.,   0.,   0.,   0.],
         [  0.,   0.,   0.,   0.,   0.],
         [  0.,   0.,   0.,   0.,   0.],
         [  0.,   0.,   0.,   0.,   0.],
         [  0.,   0.,   0.,   0.,   0.],
         [  0.,   0.,   0.,   0.,   0.]]])
num_boxes======================== tensor([13,  7])
im_data======================== tensor([[[[ 7.6020e+01,  7.1645e+01,  6.1520e+01,  ...,  8.7520e+01,
            1.2914e+02,  1.4902e+02],
          [ 7.4770e+01,  6.6098e+01,  4.9176e+01,  ...,  1.1049e+02,
            1.3907e+02,  1.5027e+02],
          [ 7.4020e+01,  6.0426e+01,  3.6614e+01,  ...,  1.3041e+02,
            1.4399e+02,  1.4577e+02],
          ...,
          [-5.4605e+01, -5.4605e+01, -5.4605e+01,  ..., -6.0058e+01,
           -6.0339e+01, -6.0480e+01],
          [-5.4980e+01, -5.4980e+01, -5.4980e+01,  ..., -5.8324e+01,
           -5.8230e+01, -5.8230e+01],
          [-5.4980e+01, -5.4980e+01, -5.4980e+01,  ..., -5.7230e+01,
           -5.6980e+01, -5.6980e+01]],

         [[ 8.2053e+01,  7.8928e+01,  6.9553e+01,  ...,  7.3178e+01,
            1.1418e+02,  1.3405e+02],
          [ 8.0803e+01,  7.2600e+01,  5.6428e+01,  ...,  9.5913e+01,
            1.2410e+02,  1.3530e+02],
          [ 7.8928e+01,  6.5803e+01,  4.3022e+01,  ...,  1.1569e+02,
            1.2902e+02,  1.3080e+02],
          ...,
          [-6.3071e+01, -6.3071e+01, -6.3071e+01,  ..., -2.8275e+01,
           -2.8556e+01, -2.8697e+01],
          [-6.1946e+01, -6.1946e+01, -6.1946e+01,  ..., -2.7947e+01,
           -2.7947e+01, -2.7947e+01],
          [-6.1946e+01, -6.1946e+01, -6.1946e+01,  ..., -2.7947e+01,
           -2.7947e+01, -2.7947e+01]],

         [[ 4.2228e+01,  3.9103e+01,  3.0103e+01,  ...,  5.4853e+01,
            9.6353e+01,  1.1623e+02],
          [ 4.0978e+01,  3.2775e+01,  1.6978e+01,  ...,  7.7666e+01,
            1.0628e+02,  1.1748e+02],
          [ 3.9853e+01,  2.6728e+01,  4.4627e+00,  ...,  9.7494e+01,
            1.1120e+02,  1.1298e+02],
          ...,
          [-9.1772e+01, -9.1772e+01, -9.1772e+01,  ...,  1.8353e+01,
            1.7994e+01,  1.7853e+01],
          [-9.1772e+01, -9.1772e+01, -9.1772e+01,  ...,  1.8353e+01,
            1.8228e+01,  1.8228e+01],
          [-9.1772e+01, -9.1772e+01, -9.1772e+01,  ...,  1.8353e+01,
            1.8228e+01,  1.8228e+01]]],


        [[[-8.9801e+00, -9.6051e+00, -1.0355e+01,  ...,  1.9900e-02,
            1.9900e-02,  1.9900e-02],
          [-9.6051e+00, -1.0230e+01, -1.0746e+01,  ...,  9.8025e-02,
            1.9900e-02,  1.9900e-02],
          [-8.8551e+00, -9.4801e+00, -9.8551e+00,  ...,  4.7302e-01,
            1.6053e-01,  1.9900e-02],
          ...,
          [ 3.3270e+01,  3.1395e+01,  3.0879e+01,  ...,  3.5520e+01,
            3.5520e+01,  3.5520e+01],
          [ 3.4020e+01,  3.2614e+01,  3.2239e+01,  ...,  3.4020e+01,
            3.4020e+01,  3.4020e+01],
          [ 3.4020e+01,  3.3395e+01,  3.3020e+01,  ...,  3.4020e+01,
            3.4020e+01,  3.4020e+01]],

         [[-4.5946e+01, -4.6571e+01, -4.7321e+01,  ..., -3.6946e+01,
           -3.6946e+01, -3.6946e+01],
          [-4.6571e+01, -4.7196e+01, -4.7712e+01,  ..., -3.6868e+01,
           -3.6946e+01, -3.6946e+01],
          [-4.5821e+01, -4.6446e+01, -4.6821e+01,  ..., -3.6493e+01,
           -3.6806e+01, -3.6946e+01],
          ...,
          [ 9.4285e+00,  8.8035e+00,  8.2879e+00,  ..., -2.3447e+01,
           -2.3447e+01, -2.3447e+01],
          [ 9.0535e+00,  8.4285e+00,  8.0535e+00,  ..., -2.4947e+01,
           -2.4947e+01, -2.4947e+01],
          [ 9.0535e+00,  8.4285e+00,  8.0535e+00,  ..., -2.4947e+01,
           -2.4947e+01, -2.4947e+01]],

         [[-7.6772e+01, -7.7397e+01, -7.8147e+01,  ..., -6.5772e+01,
           -6.5772e+01, -6.5772e+01],
          [-7.7397e+01, -7.8022e+01, -7.8537e+01,  ..., -6.5694e+01,
           -6.5772e+01, -6.5772e+01],
          [-7.6647e+01, -7.7272e+01, -7.7647e+01,  ..., -6.5319e+01,
           -6.5631e+01, -6.5772e+01],
          ...,
          [ 1.4783e+00,  8.5330e-01,  3.3767e-01,  ..., -8.4272e+01,
           -8.4272e+01, -8.4272e+01],
          [ 2.2283e+00,  1.6033e+00,  1.2283e+00,  ..., -8.5772e+01,
           -8.5772e+01, -8.5772e+01],
          [ 2.2283e+00,  1.6033e+00,  1.2283e+00,  ..., -8.5772e+01,
           -8.5772e+01, -8.5772e+01]]]])
im_info======================== tensor([[ 600.0000, 1067.0000,    1.3333],
        [ 600.0000, 1067.0000,    1.3333]])
gt_boxes======================== tensor([[[728.0000, 281.3333, 800.0000, 476.0000,   1.0000],
         [174.6667, 322.6667, 244.0000, 508.0000,   1.0000],
         [474.6667, 281.3333, 566.6667, 528.0000,   1.0000],
         [  0.0000,   0.0000,   0.0000,   0.0000,   0.0000],
         [  0.0000,   0.0000,   0.0000,   0.0000,   0.0000],
         [  0.0000,   0.0000,   0.0000,   0.0000,   0.0000],
         [  0.0000,   0.0000,   0.0000,   0.0000,   0.0000],
         [  0.0000,   0.0000,   0.0000,   0.0000,   0.0000],
         [  0.0000,   0.0000,   0.0000,   0.0000,   0.0000],
         [  0.0000,   0.0000,   0.0000,   0.0000,   0.0000],
         [  0.0000,   0.0000,   0.0000,   0.0000,   0.0000],
         [  0.0000,   0.0000,   0.0000,   0.0000,   0.0000],
         [  0.0000,   0.0000,   0.0000,   0.0000,   0.0000],
         [  0.0000,   0.0000,   0.0000,   0.0000,   0.0000],
         [  0.0000,   0.0000,   0.0000,   0.0000,   0.0000],
         [  0.0000,   0.0000,   0.0000,   0.0000,   0.0000],
         [  0.0000,   0.0000,   0.0000,   0.0000,   0.0000],
         [  0.0000,   0.0000,   0.0000,   0.0000,   0.0000],
         [  0.0000,   0.0000,   0.0000,   0.0000,   0.0000],
         [  0.0000,   0.0000,   0.0000,   0.0000,   0.0000]],

        [[381.3333, 368.0000, 472.0000, 602.6667,   1.0000],
         [574.6667, 369.3333, 688.0000, 672.0000,   1.0000],
         [690.6667, 272.0000, 708.0000, 320.0000,   1.0000],
         [  0.0000,   0.0000,   0.0000,   0.0000,   0.0000],
         [  0.0000,   0.0000,   0.0000,   0.0000,   0.0000],
         [  0.0000,   0.0000,   0.0000,   0.0000,   0.0000],
         [  0.0000,   0.0000,   0.0000,   0.0000,   0.0000],
         [  0.0000,   0.0000,   0.0000,   0.0000,   0.0000],
         [  0.0000,   0.0000,   0.0000,   0.0000,   0.0000],
         [  0.0000,   0.0000,   0.0000,   0.0000,   0.0000],
         [  0.0000,   0.0000,   0.0000,   0.0000,   0.0000],
         [  0.0000,   0.0000,   0.0000,   0.0000,   0.0000],
         [  0.0000,   0.0000,   0.0000,   0.0000,   0.0000],
         [  0.0000,   0.0000,   0.0000,   0.0000,   0.0000],
         [  0.0000,   0.0000,   0.0000,   0.0000,   0.0000],
         [  0.0000,   0.0000,   0.0000,   0.0000,   0.0000],
         [  0.0000,   0.0000,   0.0000,   0.0000,   0.0000],
         [  0.0000,   0.0000,   0.0000,   0.0000,   0.0000],
         [  0.0000,   0.0000,   0.0000,   0.0000,   0.0000],
         [  0.0000,   0.0000,   0.0000,   0.0000,   0.0000]]])
num_boxes======================== tensor([3, 3])
im_data======================== tensor([[[[ -87.9801,  -75.9801,  -80.9801,  ...,  125.0199,  125.0199,
             75.0199],
          [ -68.9801,  -73.9801,  -66.9801,  ...,  130.0199,  128.0199,
             80.0199],
          [ -76.9801,  -71.9801,  -75.9801,  ...,  113.0199,  126.0199,
             97.0199],
          ...,
          [   2.0199,   12.0199,   16.0199,  ...,  -74.9801,  -76.9801,
            -76.9801],
          [  31.0199,   31.0199,   33.0199,  ...,  -75.9801,  -76.9801,
            -75.9801],
          [  47.0199,   11.0199,  -15.9801,  ...,  -76.9801,  -75.9801,
            -74.9801]],

         [[ -92.9465,  -80.9465,  -85.9465,  ...,  126.0535,  119.0535,
             64.0535],
          [ -73.9465,  -78.9465,  -71.9465,  ...,  136.0535,  126.0535,
             74.0535],
          [ -81.9465,  -76.9465,  -80.9465,  ...,  129.0535,  133.0535,
            100.0535],
          ...,
          [  -4.9465,    5.0535,    9.0535,  ...,  -84.9465,  -86.9465,
            -86.9465],
          [  24.0535,   24.0535,   26.0535,  ...,  -85.9465,  -86.9465,
            -85.9465],
          [  40.0535,    4.0535,  -22.9465,  ...,  -86.9465,  -85.9465,
            -84.9465]],

         [[-109.7717,  -97.7717, -102.7717,  ...,  101.2283,   97.2283,
             45.2283],
          [ -90.7717,  -95.7717,  -88.7717,  ...,  108.2283,  103.2283,
             52.2283],
          [ -98.7717,  -93.7717,  -97.7717,  ...,   97.2283,  107.2283,
             75.2283],
          ...,
          [ -12.7717,   -2.7717,    1.2283,  ..., -107.7717, -108.7717,
           -108.7717],
          [  16.2283,   16.2283,   18.2283,  ..., -108.7717, -108.7717,
           -107.7717],
          [  32.2283,   -3.7717,  -30.7717,  ..., -109.7717, -107.7717,
           -106.7717]]],


        [[[  92.0199,   93.0199,   95.0199,  ...,   38.0199,   34.0199,
             30.0199],
          [  93.0199,   94.0199,   96.0199,  ...,   43.0199,   36.0199,
             31.0199],
          [  96.0199,   97.0199,   98.0199,  ...,   34.0199,   27.0199,
             20.0199],
          ...,
          [ -18.9801,  -19.9801,  -20.9801,  ...,   23.0199,   27.0199,
             26.0199],
          [ -21.9801,  -21.9801,  -20.9801,  ...,   32.0199,   37.0199,
             38.0199],
          [ -23.9801,  -22.9801,  -21.9801,  ...,   39.0199,   44.0199,
             48.0199]],

         [[  78.0535,   79.0535,   81.0535,  ...,   39.0535,   38.0535,
             34.0535],
          [  79.0535,   80.0535,   82.0535,  ...,   44.0535,   40.0535,
             35.0535],
          [  83.0535,   84.0535,   85.0535,  ...,   35.0535,   28.0535,
             21.0535],
          ...,
          [ -22.9465,  -23.9465,  -24.9465,  ...,   39.0535,   40.0535,
             42.0535],
          [ -25.9465,  -25.9465,  -24.9465,  ...,   48.0535,   52.0535,
             54.0535],
          [ -27.9465,  -26.9465,  -25.9465,  ...,   55.0535,   60.0535,
             64.0535]],

         [[  80.2283,   81.2283,   83.2283,  ...,   30.2283,   28.2283,
             24.2283],
          [  81.2283,   82.2283,   84.2283,  ...,   35.2283,   30.2283,
             25.2283],
          [  82.2283,   83.2283,   84.2283,  ...,   26.2283,   19.2283,
             12.2283],
          ...,
          [ -20.7717,  -21.7717,  -22.7717,  ...,   37.2283,   39.2283,
             40.2283],
          [ -23.7717,  -23.7717,  -22.7717,  ...,   48.2283,   52.2283,
             54.2283],
          [ -25.7717,  -24.7717,  -23.7717,  ...,   55.2283,   60.2283,
             64.2283]]]])
im_info======================== tensor([[600., 800.,   1.],
        [600., 800.,   1.]])
gt_boxes======================== tensor([[[288., 120., 394., 446.,   1.],
         [151., 141., 246., 446.,   1.],
         [  0.,   0.,   0.,   0.,   0.],
         [  0.,   0.,   0.,   0.,   0.],
         [  0.,   0.,   0.,   0.,   0.],
         [  0.,   0.,   0.,   0.,   0.],
         [  0.,   0.,   0.,   0.,   0.],
         [  0.,   0.,   0.,   0.,   0.],
         [  0.,   0.,   0.,   0.,   0.],
         [  0.,   0.,   0.,   0.,   0.],
         [  0.,   0.,   0.,   0.,   0.],
         [  0.,   0.,   0.,   0.,   0.],
         [  0.,   0.,   0.,   0.,   0.],
         [  0.,   0.,   0.,   0.,   0.],
         [  0.,   0.,   0.,   0.,   0.],
         [  0.,   0.,   0.,   0.,   0.],
         [  0.,   0.,   0.,   0.,   0.],
         [  0.,   0.,   0.,   0.,   0.],
         [  0.,   0.,   0.,   0.,   0.],
         [  0.,   0.,   0.,   0.,   0.]],

        [[384., 103., 490., 418.,   1.],
         [172., 125., 247., 326.,   1.],
         [351., 101., 412., 307.,   1.],
         [255.,  70., 342., 331.,   1.],
         [148., 127., 183., 258.,   1.],
         [ 92., 114., 135., 261.,   1.],
         [  0.,   0.,   0.,   0.,   0.],
         [  0.,   0.,   0.,   0.,   0.],
         [  0.,   0.,   0.,   0.,   0.],
         [  0.,   0.,   0.,   0.,   0.],
         [  0.,   0.,   0.,   0.,   0.],
         [  0.,   0.,   0.,   0.,   0.],
         [  0.,   0.,   0.,   0.,   0.],
         [  0.,   0.,   0.,   0.,   0.],
         [  0.,   0.,   0.,   0.,   0.],
         [  0.,   0.,   0.,   0.,   0.],
         [  0.,   0.,   0.,   0.,   0.],
         [  0.,   0.,   0.,   0.,   0.],
         [  0.,   0.,   0.,   0.,   0.],
         [  0.,   0.,   0.,   0.,   0.]]])
num_boxes======================== tensor([2, 6])
